bbb4ee4fa3f13875ccabdac0c621e28390cc0b6f620f8708c8e56116ff6dcef3 22 22 941 228
5dba2e65ed5cebd8d8116cd2c0c20558d70287f275f1cfd7a89c0a608bce7cf3 9 8 1280 556
333e1305f72b6020273655a9e8b83dd6f48553123a09b78e129f4757dbee25cd 28 28 9739 4775
5ae24beb73b3690f7065647c9b3851febf304007554f77b660260ab66e2e44d8 82 27 23914 20042
1500f2b752e02bda44ebadcc416f79c5bc42d69b5a195729fe06f369f596acf7 6 4 3235 6834
c6dc80537dd9789da727265cc2284a931eefbca674ac9c1373b2069abb42d11c 4 4 87 8
e8135a5103888a9cdcb48e45b01ff439bee0218a9bc4fe368431867365bf25ce 8 8 3006 839
bc7fb6adfc9d5d4d920d1096bbfe6242758b75acf424bd2847a9bdb56b5a964e 10 5 1009 37
dfda6ed679bb6fb1f338ac23ae8e71bfb466284cc5e062155f8cff97bbd8ddae 61 12 11482 17610
7a5dfae5f448629c495a37f1a6d78b25ab67f1b63f4061c8ee78048b3995f9c2 3 3 1147 145
55e9828e61312b785c39035abb5c3f597d9ae0a3e84d9d271207abc9ddd7edae 47 47 6544 1510
d8faa17cbf9e1a388e4c3c643e96dc163145efb72c3f05f1077927a78117c079 9 9 3611 149
ab688774f665b6efee061eda644255a7c51c1dead1aaa5322748c0026d6e6a19 6 6 1237 30
d7cde4ad57f9b7b6a907e5bfbb5c31f247f2ae49af233c93a2b088433599581d 39 35 24397 8866
9aa4d52beb656bc9429f05e9ca810fbc18769ae329f5ca2dadddbf0a354d93be 4 4 23589 4
7f7ae95348e94a24748e9f8c8fe2976fd1879606a7bc4dc345d16df60046138a 3 3 108 2
